	17.0	18.0	19.0	20.0	21.0	22.0	23.0	24.0	25.0	26.0	27.0	28.0	29.0	30.0	31.0	32.0	33.0	34.0	35.0	36.0	37.0	38.0	39.0	40.0
SRX298280_1	1.0	5.0	173.0	1135.0	2129.0	3820.0	8461.0	19091.0	41503.0	77583.0	128090.0	188710.0	257228.0	334758.0	430219.0	561723.0	770296.0	1173977.0	2164284.0	4657542.0	6487976.0	3122282.0	725027.0	6728.0
	15.0	16.0	17.0	18.0	19.0	20.0	21.0	22.0	23.0	24.0	25.0	26.0	27.0	28.0	29.0	30.0	31.0	32.0	33.0	34.0	35.0	36.0	37.0	38.0	39.0	40.0
SRX298280_2	1.0	1.0	21.0	173.0	1675.0	14782.0	29888.0	48806.0	72892.0	101555.0	136538.0	176123.0	223146.0	275256.0	337830.0	415968.0	519799.0	672430.0	916387.0	1370460.0	2309152.0	4338668.0	5567585.0	2845468.0	780524.0	7613.0
	18.0	19.0	20.0	21.0	22.0	23.0	24.0	25.0	26.0	27.0	28.0	29.0	30.0	31.0	32.0	33.0	34.0	35.0	36.0	37.0	38.0	39.0	40.0
SRX298281_1	1.0	157.0	1182.0	2292.0	4145.0	8225.0	16677.0	33840.0	60741.0	98281.0	141300.0	191158.0	245711.0	313665.0	410007.0	561344.0	850568.0	1545304.0	3329640.0	4794066.0	2391424.0	533738.0	4334.0
	16.0	17.0	18.0	19.0	20.0	21.0	22.0	23.0	24.0	25.0	26.0	27.0	28.0	29.0	30.0	31.0	32.0	33.0	34.0	35.0	36.0	37.0	38.0	39.0	40.0
SRX298281_2	1.0	12.0	111.0	1207.0	10151.0	21161.0	34281.0	50160.0	70465.0	94244.0	122831.0	153148.0	192402.0	238045.0	294131.0	369761.0	480680.0	658417.0	979981.0	1642384.0	3135807.0	4187603.0	2217487.0	578443.0	4887.0
	18.0	19.0	20.0	21.0	22.0	23.0	24.0	25.0	26.0	27.0	28.0	29.0	30.0	31.0	32.0	33.0	34.0	35.0	36.0	37.0	38.0	39.0	40.0
SRX298282_1	3.0	405.0	2840.0	5270.0	9135.0	16789.0	32998.0	63953.0	113535.0	181106.0	262532.0	353412.0	454356.0	580617.0	755453.0	1035487.0	1578457.0	2908009.0	6225915.0	8619179.0	4174099.0	943025.0	8732.0
	14.0	15.0	16.0	17.0	18.0	19.0	20.0	21.0	22.0	23.0	24.0	25.0	26.0	27.0	28.0	29.0	30.0	31.0	32.0	33.0	34.0	35.0	36.0	37.0	38.0	39.0	40.0
SRX298282_2	1.0	0.0	1.0	24.0	241.0	2385.0	20578.0	42147.0	67237.0	99597.0	138085.0	185046.0	237439.0	298959.0	368555.0	453386.0	557746.0	699866.0	901485.0	1232703.0	1842576.0	3104192.0	5811628.0	7407934.0	3826618.0	1017131.0	9747.0
	18.0	19.0	20.0	21.0	22.0	23.0	24.0	25.0	26.0	27.0	28.0	29.0	30.0	31.0	32.0	33.0	34.0	35.0	36.0	37.0	38.0	39.0	40.0
SRX298283_1	7.0	520.0	3499.0	6349.0	10861.0	18304.0	31889.0	55966.0	92468.0	141932.0	201610.0	267337.0	342923.0	436216.0	564890.0	768862.0	1153307.0	2068753.0	4432813.0	6695412.0	4477889.0	1233213.0	13870.0
	15.0	16.0	17.0	18.0	19.0	20.0	21.0	22.0	23.0	24.0	25.0	26.0	27.0	28.0	29.0	30.0	31.0	32.0	33.0	34.0	35.0	36.0	37.0	38.0	39.0	40.0
SRX298283_2	1.0	0.0	28.0	164.0	1963.0	16051.0	32599.0	51588.0	75263.0	103591.0	137145.0	175589.0	219764.0	270901.0	331504.0	408085.0	509836.0	656703.0	892734.0	1315995.0	2188057.0	4182159.0	5907810.0	4199522.0	1326274.0	15564.0
	18.0	19.0	20.0	21.0	22.0	23.0	24.0	25.0	26.0	27.0	28.0	29.0	30.0	31.0	32.0	33.0	34.0	35.0	36.0	37.0	38.0	39.0	40.0
SRX298284_1	3.0	452.0	3133.0	5493.0	10220.0	21266.0	49382.0	104664.0	192030.0	307568.0	440137.0	582078.0	733257.0	912111.0	1148893.0	1515045.0	2153732.0	3534293.0	6685404.0	9033690.0	5513705.0	1483643.0	22172.0
	16.0	17.0	18.0	19.0	20.0	21.0	22.0	23.0	24.0	25.0	26.0	27.0	28.0	29.0	30.0	31.0	32.0	33.0	34.0	35.0	36.0	37.0	38.0	39.0	40.0
SRX298284_2	1.0	16.0	213.0	3268.0	30271.0	62355.0	103774.0	154114.0	215771.0	288200.0	372011.0	464699.0	569446.0	689399.0	833510.0	1022408.0	1286317.0	1685519.0	2363571.0	3664587.0	6220327.0	7775880.0	5066315.0	1557117.0	23282.0
	18.0	19.0	20.0	21.0	22.0	23.0	24.0	25.0	26.0	27.0	28.0	29.0	30.0	31.0	32.0	33.0	34.0	35.0	36.0	37.0	38.0	39.0	40.0
SRX298285_1	1.0	193.0	1356.0	2533.0	5460.0	14225.0	38859.0	87900.0	167894.0	273240.0	395727.0	524378.0	660567.0	823938.0	1040259.0	1371045.0	1953854.0	3212407.0	6000459.0	7862113.0	4739493.0	1274154.0	19200.0
	16.0	17.0	18.0	19.0	20.0	21.0	22.0	23.0	24.0	25.0	26.0	27.0	28.0	29.0	30.0	31.0	32.0	33.0	34.0	35.0	36.0	37.0	38.0	39.0	40.0
SRX298285_2	1.0	11.0	155.0	2876.0	28052.0	57793.0	95515.0	142673.0	200327.0	266344.0	342387.0	427461.0	520504.0	629321.0	757629.0	927256.0	1160952.0	1524857.0	2137003.0	3301745.0	5487128.0	6715696.0	4392596.0	1331401.0	19572.0
	16.0	17.0	18.0	19.0	20.0	21.0	22.0	23.0	24.0	25.0	26.0	27.0	28.0	29.0	30.0	31.0	32.0	33.0	34.0	35.0	36.0	37.0	38.0	39.0	40.0
SRX298286_1	1.0	0.0	4.0	380.0	2477.0	4347.0	9228.0	25793.0	69723.0	159000.0	301832.0	491494.0	709304.0	937914.0	1181583.0	1468230.0	1849510.0	2428753.0	3445300.0	5644783.0	10727405.0	14529949.0	7806858.0	1737490.0	22728.0
	16.0	17.0	18.0	19.0	20.0	21.0	22.0	23.0	24.0	25.0	26.0	27.0	28.0	29.0	30.0	31.0	32.0	33.0	34.0	35.0	36.0	37.0	38.0	39.0	40.0
SRX298286_2	3.0	27.0	347.0	5888.0	53852.0	111199.0	180534.0	266908.0	370177.0	490646.0	624050.0	772694.0	936022.0	1126959.0	1351252.0	1647549.0	2060532.0	2687130.0	3755281.0	5832100.0	9908083.0	12456538.0	7078489.0	1814500.0	23326.0
	18.0	19.0	20.0	21.0	22.0	23.0	24.0	25.0	26.0	27.0	28.0	29.0	30.0	31.0	32.0	33.0	34.0	35.0	36.0	37.0	38.0	39.0	40.0
SRX298287_1	1.0	439.0	2661.0	4892.0	8962.0	20228.0	48183.0	102594.0	189014.0	301938.0	431446.0	567367.0	711203.0	881608.0	1108693.0	1450544.0	2042198.0	3313450.0	6256271.0	8878306.0	5508685.0	1313177.0	16954.0
	16.0	17.0	18.0	19.0	20.0	21.0	22.0	23.0	24.0	25.0	26.0	27.0	28.0	29.0	30.0	31.0	32.0	33.0	34.0	35.0	36.0	37.0	38.0	39.0	40.0
SRX298287_2	1.0	14.0	169.0	3047.0	28409.0	58810.0	96118.0	142717.0	199603.0	267981.0	343805.0	431414.0	527394.0	640987.0	776060.0	953876.0	1201242.0	1574511.0	2202552.0	3433491.0	5887632.0	7836279.0	5134978.0	1399290.0	18434.0
	17.0	18.0	19.0	20.0	21.0	22.0	23.0	24.0	25.0	26.0	27.0	28.0	29.0	30.0	31.0	32.0	33.0	34.0	35.0	36.0	37.0	38.0	39.0	40.0
SRX298288_1	2.0	8.0	269.0	2031.0	4009.0	7039.0	12194.0	21918.0	39448.0	64436.0	99869.0	140488.0	186959.0	240317.0	306054.0	398269.0	545045.0	824022.0	1526315.0	3530458.0	5884119.0	3609599.0	920944.0	13533.0
	16.0	17.0	18.0	19.0	20.0	21.0	22.0	23.0	24.0	25.0	26.0	27.0	28.0	29.0	30.0	31.0	32.0	33.0	34.0	35.0	36.0	37.0	38.0	39.0	40.0
SRX298288_2	3.0	13.0	136.0	1590.0	12433.0	23818.0	37513.0	54389.0	74218.0	97204.0	124695.0	155715.0	191418.0	235567.0	291072.0	366369.0	476297.0	653985.0	979582.0	1706316.0	3440890.0	5199976.0	3287874.0	953253.0	13019.0
	18.0	19.0	20.0	21.0	22.0	23.0	24.0	25.0	26.0	27.0	28.0	29.0	30.0	31.0	32.0	33.0	34.0	35.0	36.0	37.0	38.0	39.0	40.0
SRX298289_1	5.0	347.0	2374.0	4560.0	7698.0	13032.0	22851.0	38383.0	62013.0	91840.0	128143.0	167777.0	212438.0	270090.0	350839.0	485814.0	757852.0	1466094.0	3457518.0	5338590.0	2858540.0	656905.0	7282.0
	13.0	14.0	15.0	16.0	17.0	18.0	19.0	20.0	21.0	22.0	23.0	24.0	25.0	26.0	27.0	28.0	29.0	30.0	31.0	32.0	33.0	34.0	35.0	36.0	37.0	38.0	39.0	40.0
SRX298289_2	1.0	1.0	1.0	3.0	11.0	132.0	1324.0	10441.0	20214.0	31690.0	45871.0	63515.0	83947.0	108053.0	135358.0	167822.0	207376.0	258990.0	330114.0	436248.0	610325.0	942728.0	1668993.0	3355686.0	4658100.0	2577926.0	679017.0	7098.0
	17.0	18.0	19.0	20.0	21.0	22.0	23.0	24.0	25.0	26.0	27.0	28.0	29.0	30.0	31.0	32.0	33.0	34.0	35.0	36.0	37.0	38.0	39.0	40.0
SRX298290_1	1.0	6.0	401.0	2930.0	5331.0	9123.0	15488.0	27469.0	47208.0	77606.0	118176.0	167117.0	221974.0	285019.0	362793.0	473244.0	647568.0	989823.0	1849745.0	4244343.0	6830558.0	4215183.0	905112.0	12394.0
	15.0	16.0	17.0	18.0	19.0	20.0	21.0	22.0	23.0	24.0	25.0	26.0	27.0	28.0	29.0	30.0	31.0	32.0	33.0	34.0	35.0	36.0	37.0	38.0	39.0	40.0
SRX298290_2	1.0	2.0	18.0	150.0	1805.0	15251.0	30054.0	46760.0	67247.0	91250.0	119315.0	151463.0	189843.0	233003.0	285559.0	352476.0	441658.0	574422.0	794636.0	1201967.0	2073605.0	4107886.0	5992524.0	3792753.0	933057.0	11907.0
	19.0	20.0	21.0	22.0	23.0	24.0	25.0	26.0	27.0	28.0	29.0	30.0	31.0	32.0	33.0	34.0	35.0	36.0	37.0	38.0	39.0	40.0
SRX298291_1	9.0	105.0	288.0	908.0	3204.0	9970.0	24943.0	50319.0	86178.0	130272.0	181259.0	238976.0	311496.0	414303.0	579859.0	904040.0	1738346.0	3990441.0	5832363.0	2879417.0	631529.0	3215.0
	17.0	18.0	19.0	20.0	21.0	22.0	23.0	24.0	25.0	26.0	27.0	28.0	29.0	30.0	31.0	32.0	33.0	34.0	35.0	36.0	37.0	38.0	39.0	40.0
SRX298291_2	7.0	122.0	1392.0	11454.0	23313.0	37019.0	54619.0	75663.0	101735.0	131357.0	165412.0	203824.0	250602.0	313322.0	396066.0	520978.0	729217.0	1120057.0	1952548.0	3805307.0	4970377.0	2509080.0	634492.0	3477.0
	18.0	19.0	20.0	21.0	22.0	23.0	24.0	25.0	26.0	27.0	28.0	29.0	30.0	31.0	32.0	33.0	34.0	35.0	36.0	37.0	38.0	39.0	40.0
SRX298292_1	6.0	338.0	2393.0	4089.0	7243.0	13004.0	25159.0	47390.0	83049.0	131493.0	187976.0	251038.0	319959.0	404383.0	519009.0	696396.0	1022980.0	1759805.0	3596027.0	5455405.0	3496844.0	881152.0	13660.0
	16.0	17.0	18.0	19.0	20.0	21.0	22.0	23.0	24.0	25.0	26.0	27.0	28.0	29.0	30.0	31.0	32.0	33.0	34.0	35.0	36.0	37.0	38.0	39.0	40.0
SRX298292_2	1.0	13.0	143.0	1833.0	15720.0	31755.0	50020.0	72844.0	99329.0	130883.0	166645.0	207228.0	254071.0	307144.0	372995.0	461176.0	590004.0	791049.0	1147710.0	1860605.0	3418326.0	4772939.0	3224278.0	928275.0	13812.0
	17.0	18.0	19.0	20.0	21.0	22.0	23.0	24.0	25.0	26.0	27.0	28.0	29.0	30.0	31.0	32.0	33.0	34.0	35.0	36.0	37.0	38.0	39.0	40.0
SRX298293_1	2.0	11.0	460.0	3005.0	5291.0	9162.0	16400.0	31675.0	60116.0	105034.0	165338.0	238393.0	319472.0	409107.0	519296.0	666937.0	895846.0	1315138.0	2251112.0	4660856.0	7701627.0	4739375.0	819297.0	8830.0
	14.0	15.0	16.0	17.0	18.0	19.0	20.0	21.0	22.0	23.0	24.0	25.0	26.0	27.0	28.0	29.0	30.0	31.0	32.0	33.0	34.0	35.0	36.0	37.0	38.0	39.0	40.0
SRX298293_2	1.0	1.0	3.0	27.0	163.0	2649.0	22808.0	45110.0	70091.0	101103.0	135638.0	176629.0	221492.0	273275.0	330162.0	399224.0	483498.0	596702.0	755693.0	1009106.0	1462120.0	2367588.0	4433776.0	6845964.0	4326201.0	873552.0	9204.0
	18.0	19.0	20.0	21.0	22.0	23.0	24.0	25.0	26.0	27.0	28.0	29.0	30.0	31.0	32.0	33.0	34.0	35.0	36.0	37.0	38.0	39.0	40.0
SRX298294_1	4.0	370.0	2528.0	4437.0	7565.0	14090.0	30356.0	61298.0	110065.0	176723.0	257347.0	346111.0	445068.0	566170.0	735263.0	1003825.0	1514102.0	2710917.0	5678381.0	8133295.0	4285075.0	1004936.0	13257.0
	14.0	15.0	16.0	17.0	18.0	19.0	20.0	21.0	22.0	23.0	24.0	25.0	26.0	27.0	28.0	29.0	30.0	31.0	32.0	33.0	34.0	35.0	36.0	37.0	38.0	39.0	40.0
SRX298294_2	2.0	0.0	0.0	15.0	177.0	2402.0	21844.0	44016.0	69826.0	102174.0	141539.0	187190.0	240216.0	300537.0	367484.0	447958.0	547557.0	681548.0	875793.0	1187238.0	1753318.0	2902580.0	5347847.0	6954272.0	3875035.0	1037923.0	12692.0
	18.0	19.0	20.0	21.0	22.0	23.0	24.0	25.0	26.0	27.0	28.0	29.0	30.0	31.0	32.0	33.0	34.0	35.0	36.0	37.0	38.0	39.0	40.0
SRX298295_1	1.0	73.0	580.0	1256.0	3685.0	12552.0	37039.0	88689.0	171784.0	287913.0	426296.0	580046.0	755740.0	971107.0	1270710.0	1744761.0	2622596.0	4684363.0	10067873.0	15288493.0	9971727.0	2744375.0	34871.0
	16.0	17.0	18.0	19.0	20.0	21.0	22.0	23.0	24.0	25.0	26.0	27.0	28.0	29.0	30.0	31.0	32.0	33.0	34.0	35.0	36.0	37.0	38.0	39.0	40.0
SRX298295_2	1.0	24.0	272.0	4110.0	35270.0	71375.0	115553.0	170128.0	237455.0	313249.0	402596.0	503252.0	616998.0	756783.0	927762.0	1161136.0	1497145.0	2033443.0	2998415.0	4994537.0	9589158.0	13391961.0	9087963.0	2822741.0	35203.0
	16.0	17.0	18.0	19.0	20.0	21.0	22.0	23.0	24.0	25.0	26.0	27.0	28.0	29.0	30.0	31.0	32.0	33.0	34.0	35.0	36.0	37.0	38.0	39.0	40.0
SRX298296_1	1.0	0.0	6.0	426.0	3233.0	5798.0	9648.0	15910.0	25765.0	42873.0	67478.0	98606.0	135884.0	177031.0	225876.0	283818.0	369783.0	505827.0	769241.0	1411647.0	3261903.0	5481701.0	3946141.0	1186041.0	16678.0
	15.0	16.0	17.0	18.0	19.0	20.0	21.0	22.0	23.0	24.0	25.0	26.0	27.0	28.0	29.0	30.0	31.0	32.0	33.0	34.0	35.0	36.0	37.0	38.0	39.0	40.0
SRX298296_2	3.0	0.0	15.0	106.0	1404.0	11396.0	22296.0	34601.0	49400.0	66850.0	87460.0	111472.0	139321.0	173137.0	214131.0	266818.0	335609.0	436594.0	599619.0	896778.0	1541124.0	3174281.0	4928797.0	3691949.0	1240809.0	17345.0
	16.0	17.0	18.0	19.0	20.0	21.0	22.0	23.0	24.0	25.0	26.0	27.0	28.0	29.0	30.0	31.0	32.0	33.0	34.0	35.0	36.0	37.0	38.0	39.0	40.0
SRX298297_1	1.0	0.0	11.0	709.0	4834.0	8961.0	15294.0	25566.0	43222.0	71788.0	113214.0	165334.0	226557.0	293485.0	371105.0	467356.0	606049.0	829678.0	1255501.0	2288960.0	5213935.0	8677618.0	6105477.0	1734565.0	24230.0
	14.0	15.0	16.0	17.0	18.0	19.0	20.0	21.0	22.0	23.0	24.0	25.0	26.0	27.0	28.0	29.0	30.0	31.0	32.0	33.0	34.0	35.0	36.0	37.0	38.0	39.0	40.0
SRX298297_2	2.0	0.0	2.0	20.0	156.0	2421.0	20117.0	38893.0	59699.0	84440.0	112868.0	145887.0	185357.0	229113.0	283265.0	349624.0	431604.0	544357.0	708727.0	967801.0	1445982.0	2468271.0	5048809.0	7832458.0	5739634.0	1818799.0	25144.0
	17.0	18.0	19.0	20.0	21.0	22.0	23.0	24.0	25.0	26.0	27.0	28.0	29.0	30.0	31.0	32.0	33.0	34.0	35.0	36.0	37.0	38.0	39.0	40.0
SRX298298_1	2.0	5.0	418.0	2629.0	4801.0	8030.0	13204.0	22214.0	37685.0	60537.0	90822.0	127268.0	167086.0	211627.0	269347.0	350877.0	483210.0	740703.0	1384580.0	3127928.0	4671329.0	2647554.0	683702.0	12098.0
	14.0	15.0	16.0	17.0	18.0	19.0	20.0	21.0	22.0	23.0	24.0	25.0	26.0	27.0	28.0	29.0	30.0	31.0	32.0	33.0	34.0	35.0	36.0	37.0	38.0	39.0	40.0
SRX298298_2	1.0	0.0	1.0	13.0	110.0	1350.0	11534.0	22438.0	34933.0	49890.0	67486.0	88405.0	113341.0	141518.0	174780.0	213602.0	262975.0	329811.0	429237.0	585744.0	880047.0	1524114.0	2969186.0	4044306.0	2438463.0	722024.0	12347.0
	18.0	19.0	20.0	21.0	22.0	23.0	24.0	25.0	26.0	27.0	28.0	29.0	30.0	31.0	32.0	33.0	34.0	35.0	36.0	37.0	38.0	39.0	40.0
SRX298299_1	4.0	131.0	1038.0	1950.0	3656.0	7080.0	15008.0	29696.0	53945.0	87035.0	126191.0	171911.0	223805.0	287204.0	375136.0	516642.0	782890.0	1430419.0	3218218.0	5371349.0	3508889.0	760504.0	9754.0
	15.0	16.0	17.0	18.0	19.0	20.0	21.0	22.0	23.0	24.0	25.0	26.0	27.0	28.0	29.0	30.0	31.0	32.0	33.0	34.0	35.0	36.0	37.0	38.0	39.0	40.0
SRX298299_2	1.0	2.0	7.0	105.0	1502.0	12520.0	24410.0	38109.0	53748.0	73147.0	96628.0	122374.0	152571.0	186466.0	226707.0	279260.0	348931.0	450403.0	614796.0	910608.0	1561681.0	3077820.0	4739928.0	3209586.0	790951.0	10194.0
	18.0	19.0	20.0	21.0	22.0	23.0	24.0	25.0	26.0	27.0	28.0	29.0	30.0	31.0	32.0	33.0	34.0	35.0	36.0	37.0	38.0	39.0	40.0
SRX298300_1	8.0	643.0	4104.0	6976.0	11750.0	21213.0	43014.0	83949.0	149125.0	235149.0	335760.0	446256.0	566826.0	712799.0	913182.0	1222908.0	1794832.0	3104833.0	6369302.0	8836973.0	5303241.0	1412928.0	24274.0
	17.0	18.0	19.0	20.0	21.0	22.0	23.0	24.0	25.0	26.0	27.0	28.0	29.0	30.0	31.0	32.0	33.0	34.0	35.0	36.0	37.0	38.0	39.0	40.0
SRX298300_2	20.0	193.0	2887.0	25844.0	52184.0	84432.0	123421.0	172144.0	227810.0	293963.0	368617.0	452204.0	550018.0	671248.0	832352.0	1059609.0	1417299.0	2047630.0	3333748.0	5937271.0	7565593.0	4881191.0	1475452.0	24915.0
	18.0	19.0	20.0	21.0	22.0	23.0	24.0	25.0	26.0	27.0	28.0	29.0	30.0	31.0	32.0	33.0	34.0	35.0	36.0	37.0	38.0	39.0	40.0
SRX298301_1	7.0	671.0	4548.0	8088.0	12714.0	19879.0	32348.0	52715.0	81519.0	118642.0	160433.0	205622.0	254624.0	313218.0	396451.0	525843.0	766753.0	1311122.0	2586787.0	3684524.0	2175575.0	502493.0	5354.0
	15.0	16.0	17.0	18.0	19.0	20.0	21.0	22.0	23.0	24.0	25.0	26.0	27.0	28.0	29.0	30.0	31.0	32.0	33.0	34.0	35.0	36.0	37.0	38.0	39.0	40.0
SRX298301_2	1.0	3.0	6.0	106.0	1531.0	13902.0	27098.0	41593.0	59320.0	80895.0	106157.0	133702.0	165381.0	202012.0	243422.0	296343.0	362515.0	459157.0	611676.0	870895.0	1383279.0	2417184.0	3200462.0	2002463.0	535148.0	5679.0
	18.0	19.0	20.0	21.0	22.0	23.0	24.0	25.0	26.0	27.0	28.0	29.0	30.0	31.0	32.0	33.0	34.0	35.0	36.0	37.0	38.0	39.0	40.0
SRX298302_1	4.0	625.0	3734.0	6645.0	11880.0	24643.0	55638.0	114912.0	211090.0	338877.0	485909.0	644361.0	818205.0	1030268.0	1322033.0	1773890.0	2601310.0	4524245.0	9266682.0	13290413.0	7355126.0	1638999.0	21897.0
	15.0	16.0	17.0	18.0	19.0	20.0	21.0	22.0	23.0	24.0	25.0	26.0	27.0	28.0	29.0	30.0	31.0	32.0	33.0	34.0	35.0	36.0	37.0	38.0	39.0	40.0
SRX298302_2	2.0	0.0	36.0	281.0	4297.0	38033.0	76257.0	122303.0	177136.0	246639.0	325873.0	418839.0	523520.0	645086.0	783138.0	958695.0	1187350.0	1518239.0	2039232.0	2952880.0	4800224.0	8724543.0	11526737.0	6734092.0	1715565.0	22389.0
	18.0	19.0	20.0	21.0	22.0	23.0	24.0	25.0	26.0	27.0	28.0	29.0	30.0	31.0	32.0	33.0	34.0	35.0	36.0	37.0	38.0	39.0	40.0
SRX298303_1	4.0	298.0	1822.0	3336.0	6777.0	17852.0	47458.0	107309.0	204559.0	335628.0	488928.0	651945.0	831704.0	1047109.0	1344176.0	1807780.0	2650399.0	4593236.0	9221039.0	12462567.0	6699774.0	1576500.0	20385.0
	15.0	16.0	17.0	18.0	19.0	20.0	21.0	22.0	23.0	24.0	25.0	26.0	27.0	28.0	29.0	30.0	31.0	32.0	33.0	34.0	35.0	36.0	37.0	38.0	39.0	40.0
SRX298303_2	1.0	2.0	27.0	274.0	3762.0	35039.0	72159.0	116320.0	172436.0	241736.0	324598.0	419505.0	528474.0	652539.0	793788.0	972755.0	1207381.0	1541587.0	2067305.0	2989547.0	4836457.0	8569695.0	10706903.0	6169009.0	1677734.0	21552.0
	18.0	19.0	20.0	21.0	22.0	23.0	24.0	25.0	26.0	27.0	28.0	29.0	30.0	31.0	32.0	33.0	34.0	35.0	36.0	37.0	38.0	39.0	40.0
SRX298304_1	15.0	810.0	5429.0	9429.0	15268.0	26240.0	49023.0	90845.0	154936.0	238978.0	334021.0	437177.0	548329.0	681551.0	866526.0	1151769.0	1666398.0	2809658.0	5419631.0	7308751.0	4693870.0	1308971.0	14927.0
	17.0	18.0	19.0	20.0	21.0	22.0	23.0	24.0	25.0	26.0	27.0	28.0	29.0	30.0	31.0	32.0	33.0	34.0	35.0	36.0	37.0	38.0	39.0	40.0
SRX298304_2	7.0	137.0	2977.0	25780.0	51439.0	80986.0	117679.0	161693.0	214225.0	273091.0	340364.0	417394.0	506680.0	615164.0	758441.0	961270.0	1274814.0	1825826.0	2911932.0	5013208.0	6383205.0	4455634.0	1422299.0	18307.0
	18.0	19.0	20.0	21.0	22.0	23.0	24.0	25.0	26.0	27.0	28.0	29.0	30.0	31.0	32.0	33.0	34.0	35.0	36.0	37.0	38.0	39.0	40.0
SRX298305_1	19.0	757.0	4857.0	8361.0	13988.0	25866.0	53196.0	104762.0	183949.0	287341.0	407105.0	535284.0	672393.0	839564.0	1068858.0	1426226.0	2069836.0	3536520.0	6942606.0	9163799.0	4897952.0	1157804.0	11408.0
	12.0	13.0	14.0	15.0	16.0	17.0	18.0	19.0	20.0	21.0	22.0	23.0	24.0	25.0	26.0	27.0	28.0	29.0	30.0	31.0	32.0	33.0	34.0	35.0	36.0	37.0	38.0	39.0	40.0
SRX298305_2	1.0	0.0	0.0	1.0	5.0	18.0	214.0	3410.0	31257.0	62485.0	99382.0	144540.0	199951.0	265665.0	340023.0	424707.0	520524.0	632092.0	769129.0	947430.0	1204664.0	1602957.0	2304266.0	3705033.0	6423383.0	7910351.0	4555292.0	1251623.0	14048.0
	18.0	19.0	20.0	21.0	22.0	23.0	24.0	25.0	26.0	27.0	28.0	29.0	30.0	31.0	32.0	33.0	34.0	35.0	36.0	37.0	38.0	39.0	40.0
SRX298306_1	5.0	521.0	3448.0	6188.0	11340.0	25180.0	58569.0	126233.0	235208.0	381160.0	551795.0	733503.0	932508.0	1169975.0	1493693.0	1992925.0	2893160.0	4896048.0	9348619.0	11908754.0	6738471.0	1744755.0	18480.0
	15.0	16.0	17.0	18.0	19.0	20.0	21.0	22.0	23.0	24.0	25.0	26.0	27.0	28.0	29.0	30.0	31.0	32.0	33.0	34.0	35.0	36.0	37.0	38.0	39.0	40.0
SRX298306_2	1.0	3.0	25.0	302.0	4792.0	46081.0	91573.0	147420.0	216191.0	298263.0	394875.0	502986.0	623300.0	759213.0	912541.0	1099052.0	1346027.0	1695905.0	2239457.0	3182020.0	5040877.0	8456779.0	10099984.0	6225249.0	1865246.0	22376.0
	18.0	19.0	20.0	21.0	22.0	23.0	24.0	25.0	26.0	27.0	28.0	29.0	30.0	31.0	32.0	33.0	34.0	35.0	36.0	37.0	38.0	39.0	40.0
SRX298307_1	10.0	635.0	4050.0	7010.0	11804.0	22515.0	47717.0	96314.0	172616.0	274280.0	391801.0	516834.0	654011.0	817057.0	1043194.0	1383334.0	1992814.0	3316772.0	6452220.0	9247965.0	5841299.0	1461569.0	13694.0
	16.0	17.0	18.0	19.0	20.0	21.0	22.0	23.0	24.0	25.0	26.0	27.0	28.0	29.0	30.0	31.0	32.0	33.0	34.0	35.0	36.0	37.0	38.0	39.0	40.0
SRX298307_2	3.0	20.0	214.0	3676.0	33009.0	64879.0	102356.0	147946.0	202338.0	265356.0	336288.0	416319.0	507207.0	613436.0	742835.0	912592.0	1155894.0	1522670.0	2166709.0	3437465.0	6051189.0	8096147.0	5417424.0	1557707.0	15836.0
	16.0	17.0	18.0	19.0	20.0	21.0	22.0	23.0	24.0	25.0	26.0	27.0	28.0	29.0	30.0	31.0	32.0	33.0	34.0	35.0	36.0	37.0	38.0	39.0	40.0
SRX298308_1	1.0	1.0	11.0	489.0	3363.0	6095.0	10476.0	18699.0	34957.0	62781.0	104502.0	158579.0	223315.0	293128.0	372005.0	469305.0	604311.0	819253.0	1221886.0	2193188.0	4945163.0	8352223.0	5157154.0	1138415.0	13770.0
	15.0	16.0	17.0	18.0	19.0	20.0	21.0	22.0	23.0	24.0	25.0	26.0	27.0	28.0	29.0	30.0	31.0	32.0	33.0	34.0	35.0	36.0	37.0	38.0	39.0	40.0
SRX298308_2	1.0	5.0	29.0	257.0	3171.0	26467.0	51320.0	76085.0	104846.0	136635.0	170918.0	210008.0	255823.0	306140.0	367976.0	446974.0	552734.0	709516.0	961395.0	1414488.0	2403107.0	4819729.0	7400572.0	4621676.0	1150215.0	12983.0
	18.0	19.0	20.0	21.0	22.0	23.0	24.0	25.0	26.0	27.0	28.0	29.0	30.0	31.0	32.0	33.0	34.0	35.0	36.0	37.0	38.0	39.0	40.0
SRX298309_1	6.0	420.0	3076.0	5552.0	9299.0	17211.0	31928.0	59854.0	103166.0	162177.0	231915.0	310739.0	403420.0	514395.0	671252.0	917870.0	1381301.0	2494717.0	5509865.0	8568648.0	4847989.0	1187704.0	18469.0
	16.0	17.0	18.0	19.0	20.0	21.0	22.0	23.0	24.0	25.0	26.0	27.0	28.0	29.0	30.0	31.0	32.0	33.0	34.0	35.0	36.0	37.0	38.0	39.0	40.0
SRX298309_2	4.0	26.0	228.0	3040.0	25659.0	49571.0	76797.0	109502.0	145951.0	189358.0	236826.0	289889.0	351460.0	425809.0	515043.0	637151.0	812592.0	1094791.0	1604170.0	2704725.0	5232883.0	7386788.0	4317844.0	1222175.0	18691.0

