Sample	1.0	2.0	3.0	4.0	5.0	6.0	7.0	8.0	9.0	>10k+	>1k	>500	>10	>5k	>100	>50
SRX298280_1										3.0497911173559458	11.810670816869123	7.0018110302049585	14.034867677222229	2.5610325903470894	14.919228394405115	5.668709914855194
SRX298280_2										2.7851574406987005	11.20049203796051	6.668819017785153	13.823355369397127	2.2502710000227855	14.555412170170895	5.469469385064628
SRX298281_1										1.5354443404322637	9.054311926778617	6.468667765191179	14.58523914388105	1.8808185609783745	16.10523417477501	6.128360721000802
SRX298281_2										1.3987084275923793	8.419603097527048	6.16657305927086	14.661078857340401	1.6777787090309124	15.530110688431224	5.934966391295227
SRX298282_1										4.056351756775297	13.206859872038132	6.872782709679358	14.396340801051066	3.220560087252395	14.203538848306726	5.4671929609732075
SRX298282_2										3.738752891628689	12.400893142641008	6.7095047692822725	14.18379320846039	2.932710841450621	13.840814379813612	5.392565529903085
SRX298283_1										3.1087962358058885	7.740874938269987	4.549333795097402	17.480512495297468	2.1131517293510473	13.17275884538352	6.5990466545418345
SRX298283_2										2.9384338276255257	7.535463540901616	4.3700120482680305	16.804322817818125	2.1872843033838976	12.769118923498096	6.343654878794072
SRX298284_1										2.9870727116260603	7.604605694851198	4.829926100223785	18.210826946183197	2.162733499831493	14.318551189107092	7.100899923766295
SRX298284_2										2.8335635829091195	7.285482095142508	4.594839420806041	17.765067621538375	1.9395783743154351	13.482087624316241	6.600203847397673
SRX298285_1										3.564063623866905	8.872512930750297	5.259756044093693	16.342261837341397	1.9669185308963575	13.787212154734807	6.301435204241663
SRX298285_2										3.2126670590766313	8.301512776450569	4.878757821875112	15.63364299198052	1.9420264111595098	13.132851032274	6.061077623943064
SRX298286_1										2.689233020219854	7.069281920268636	4.742267024504648	20.563727387270667	1.9143350807827746	14.425834496070056	7.692347811388786
SRX298286_2										2.5237929780561354	6.667647952151628	4.305536893108294	19.39752320401671	1.742739991861488	13.745558499143181	7.152951483273016
SRX298287_1										2.6035103685474885	7.621166627802714	4.645064326034922	18.785473127824805	1.790788901953334	13.754944290891094	6.991088349927006
SRX298287_2										2.4701480827310838	7.195845911594296	4.425887967109258	18.002098605343694	1.7365580869030246	12.851515104237704	6.8264014690055035
SRX298288_1										0.8697088987291716	4.599585690565319	3.0577393077244555	19.223961924666543	1.4767672849280946	10.978059638975475	6.324340362115451
SRX298288_2										0.7719626467792297	4.516578722927425	2.884950414653108	18.568432436546765	1.4588948972287696	10.487203359432339	6.173731891300982
SRX298289_1										1.6089760836338312	8.38918836399989	7.066293988860657	14.982802433080975	1.5999444246379466	18.13193012364575	6.740143351726095
SRX298289_2										1.3064869535258807	7.967906659663571	6.585225819884853	14.926518058415205	1.6123617691533996	17.577176097343646	6.605442801143379
SRX298290_1										2.2701272988645456	14.805978300326327	8.630603480140277	13.485511359510108	3.028027976526993	17.42914733774704	6.023118000215321
SRX298290_2										2.0712706395543377	13.792073862086534	8.287562640012924	13.320682695025516	2.9673696225228907	16.937203891061866	5.908421284482663
SRX298291_1										2.0507811809409837	9.086528787113114	6.935836540197224	15.96313636101408	1.8871656998828354	16.86804859803492	6.910774384735392
SRX298291_2										1.88255148167213	8.229618299441844	6.514183948096476	15.729484473388677	1.8010768093786031	16.257959111183375	6.721148213750516
SRX298292_1										2.3977140449857277	10.973054838493292	7.230197282831896	14.65505166329427	2.1755135382895885	17.181592863309607	6.329977646228473
SRX298292_2										2.1720785203008415	10.12966471306156	6.6710640173637525	14.19978029718984	2.274244160673318	16.667339796300308	6.081069030295478
SRX298293_1										2.6205651046593053	17.40487637816637	7.327645005917645	12.926192557198299	4.19761470612003	14.702474264409563	5.513744292207466
SRX298293_2										2.3509018443767444	16.463679344686224	6.976472353052364	12.791829625774357	3.804235835331811	14.352083637177286	5.24347428183942
SRX298294_1										2.8209019394629427	9.475357210421386	6.399626037725136	16.398935731020824	2.2651780092340954	15.420577579044952	6.1744812809043506
SRX298294_2										2.6289925699761545	8.669917879951889	6.067403873442751	16.04173527563748	2.1597138305497974	14.765564728559836	6.154145363586831
SRX298295_1										2.92749332761035	7.962591277575718	4.84987554642019	20.361823222606155	2.337715074346001	14.867713537744176	7.522513308252697
SRX298295_2										2.8025362281203896	7.499415068063719	4.638467796516529	19.781817125805333	2.2417344260894576	14.062894628050154	7.120428524059694
SRX298296_1										1.5443975554748013	5.05972748956709	3.4716368683601257	18.515524752231336	1.3819917989655406	12.907712524489243	7.075522803764564
SRX298296_2										1.3546574969595497	5.04219352730833	3.321034113829644	17.95599692607277	1.3845016236428955	12.354593489035372	6.845216636960297
SRX298297_1										2.8868524256123544	7.456690999441721	4.24148676212237	17.914923668120103	1.4989467372932885	13.866730047783559	7.009829709337653
SRX298297_2										2.758070717298122	7.1838795199312315	4.052453137756236	17.460481334339725	1.5076396255885998	13.289477888044326	6.688344948235425
SRX298298_1										1.6009636179234246	7.6041413838485505	4.9414591074592975	16.580779690495543	2.092614259936996	14.003628700831506	6.603071915252809
SRX298298_2										1.5210524949277917	7.343830209450363	4.572844805337718	16.220907426577355	1.8182769237503358	13.427307097289058	6.363861785734729
SRX298299_1										0.8796042727144158	10.587233084754796	7.1290123085713235	15.139233297042958	1.6970889927136923	18.01535032351258	6.945221748672169
SRX298299_2										0.9089683428789115	9.691025416928186	6.856766929024855	14.809145617093208	1.4539203995549583	17.23959290193159	6.932969870562763
SRX298300_1										4.684205845396948	10.344565841540147	5.896403351513987	15.36217621071534	3.095360740348637	14.746134775614259	6.2565659003683685
SRX298300_2										4.266500520635833	9.728212261869274	5.5659325642332504	14.816692632178638	2.888491263716955	14.104694317781705	6.152833082391611
SRX298301_1										0.6669787040154355	7.085319677683179	4.6538197515903965	23.738540762626254	1.1578522420617838	14.982724509891138	7.33044569928535
SRX298301_2										0.5139210671887445	6.589156157224943	4.6039701126330534	22.4296220607411	1.286408383200027	14.123301740178526	6.800361913688764
SRX298302_1										3.074993207256883	10.59554969626537	6.2081820340761675	17.513263230298175	2.274016136244356	15.353012577799843	6.758291770014512
SRX298302_2										2.8610346185611264	9.772036739558338	5.907430142565151	16.99337605399233	1.9867708114446543	14.769849670669382	6.643976396585784
SRX298303_1										3.9183149282098872	12.075976690497333	6.574870516494653	15.733098933619537	2.8991758444489375	15.44546171292561	6.46195709377763
SRX298303_2										3.630381729493357	11.172399031077886	6.292084316221816	15.460556627897724	2.5340369887205174	14.88381339776106	6.232435464005514
SRX298304_1										4.195311418035707	8.020852519775557	4.87432046294863	18.266950773460163	2.527685418540516	13.985923688400428	6.979012992787846
SRX298304_2										4.162344396622389	7.675414059537594	4.695538139421425	17.79575625570785	2.2371639397097653	13.276659329262014	6.815773128885925
SRX298305_1										2.853782725431848	8.184203353496876	4.703814862387942	19.349639412807335	1.869504079121182	13.422346800877188	6.880075886785154
SRX298305_2										2.6142009931545838	7.789982360930608	4.458994769272509	18.74360938721612	1.6564258527650513	12.874599118264276	6.733037581702403
SRX298306_1										4.908626426799663	9.89967879518196	4.803892719044673	17.533329766421556	2.9612466054384665	13.312087206692711	6.701903882053831
SRX298306_2										4.552839061449838	9.247498638548812	4.6006779325465725	17.136896525702426	2.720804624384347	12.813996867742572	6.263356951258471
SRX298307_1										2.854926749731124	5.950563839350752	4.08375037983891	21.645892735793915	1.5957550658791477	14.192973895234715	8.033492172434126
SRX298307_2										2.845383898985109	5.673537394345559	3.757142053142807	20.84528756670081	1.4886485237294729	13.494327211811866	7.648451563048956
SRX298308_1										1.1212026364065963	5.744106360427534	4.336817882610306	22.344690928769865	1.1986511409628342	15.32868030480676	8.126735963830702
SRX298308_2										1.09144110183367	5.467815202046477	4.033147689140921	21.562283040050787	1.0708559910293256	14.49015091789046	7.8789037250717
SRX298309_1										1.7108296939578513	5.511940884453952	3.7314042857034444	22.096650007070757	1.5158681875098432	13.182652360536753	7.773757216387699
SRX298309_2										1.6958163441426213	5.222188197789609	3.461288622974809	21.058342581769086	1.328747519668874	12.341164374091825	7.315558930377594
