Sample	is_sorted	maximum_first_fragment_length	sequences	bases_mapped_(cigar)	bases_mapped	reads_QC_failed_percent	raw_total_sequences	reads_MQ0	reads_unmapped	1st_fragments	total_length	inward_oriented_pairs	total_first_fragment_length	error_rate	reads_duplicated_percent	insert_size_average	reads_mapped_percent	reads_QC_failed	mismatches	reads_paired_percent	supplementary_alignments	filtered_sequences	average_first_fragment_length	reads_mapped	reads_mapped_and_paired_percent	average_quality	average_last_fragment_length	reads_mapped_and_paired	reads_unmapped_percent	total_last_fragment_length	insert_size_standard_deviation	bases_duplicated	outward_oriented_pairs	percentage_of_properly_paired_reads_(%)	reads_paired	reads_MQ0_percent	reads_properly_paired	reads_duplicated	pairs_on_different_chromosomes	average_length	last_fragments	maximum_length	pairs_with_other_orientation	reads_properly_paired_percent	non-primary_alignments	maximum_last_fragment_length	bases_trimmed
SRX298280	1.0	100.0	36982599.0	3555969921.0	3576945938.0	0.0	36982599.0	432508.0	0.0	18508783.0	3576945938.0	18439370.0	1812166197.0	0.005398084	44.189187460838006	718.4	100.0	0.0	19195423.0	100.0	0.0	0.0	98.0	36982599.0	99.84573015000919	36.0	96.0	36925546.0	0.0	1764779741.0	1224.4	1574940763.0	23403.0	99.8	36982599.0	1.1694905487848488	36925546.0	16342310.0	0.0	96.0	18473816.0	100.0	0.0	99.84573015000919	7204468.0	100.0	0.0
SRX298281	1.0	100.0	27063974.0	2606660929.0	2620729763.0	0.0	27063974.0	274244.0	0.0	13544798.0	2620729763.0	13495137.0	1326279839.0	0.005324546	37.638204943590324	667.4	100.0	0.0	13879286.0	100.0	0.0	0.0	98.0	27063974.0	99.8466596221235	36.1	96.0	27022474.0	0.0	1294449924.0	1195.7	982610023.0	16100.0	99.8	27063974.0	1.0133175563943417	27022474.0	10186394.0	0.0	96.0	13519176.0	100.0	0.0	99.8466596221235	4858964.0	100.0	0.0
SRX298282	1.0	100.0	49446577.0	4756267789.0	4780877273.0	0.0	49446577.0	566001.0	0.0	24745814.0	4780877273.0	24651003.0	2421882649.0	0.00536132	55.33118096324443	724.7	100.0	0.0	25499878.0	100.0	0.0	0.0	98.0	49446577.0	99.84409638709673	36.0	96.0	49369488.0	0.0	2358994624.0	1248.0	2635714712.0	33741.0	99.8	49446577.0	1.1446717535169322	49369488.0	27359375.0	0.0	96.0	24700763.0	100.0	0.0	99.84409638709673	9639532.0	100.0	0.0
SRX298283	1.0	100.0	36850754.0	3545998697.0	3565101332.0	0.0	36850754.0	311950.0	0.0	18441278.0	3565101332.0	18370934.0	1805005002.0	0.005086199	37.750910062790034	719.5	100.0	0.0	18035655.0	100.0	0.0	0.0	98.0	36850754.0	99.84771546329826	36.1	96.0	36794636.0	0.0	1760096330.0	1180.5	1338802400.0	26384.0	99.8	36850754.0	0.84652270615684	36794636.0	13911495.0	0.0	96.0	18409476.0	100.0	0.0	99.84771546329826	4214944.0	100.0	0.0
SRX298284	1.0	100.0	56752906.0	5434041050.0	5465728873.0	0.0	56752906.0	551056.0	0.0	28409696.0	5465728873.0	28288720.0	2774448350.0	0.005181894	41.62025817673548	717.8	100.0	0.0	28158624.0	100.0	0.0	0.0	98.0	56752906.0	99.81093479160344	35.7	95.0	56645606.0	0.0	2691280523.0	1213.2	2259813383.0	34083.0	99.8	56752906.0	0.9709740678301125	56645606.0	23620706.0	0.0	96.0	28343210.0	100.0	0.0	99.81093479160344	7531384.0	100.0	0.0
SRX298285	1.0	100.0	50670252.0	4850609599.0	4874794522.0	0.0	50670252.0	638358.0	0.0	25361327.0	4874794522.0	25276600.0	2476280780.0	0.005178716	34.85051347287557	726.8	100.0	0.0	25119927.0	100.0	0.0	0.0	98.0	50670252.0	99.84943433871219	35.6	95.0	50593960.0	0.0	2398513742.0	1223.7	1686863868.0	20380.0	99.8	50670252.0	1.2598279558585972	50593960.0	17658843.0	0.0	96.0	25308925.0	100.0	0.0	99.84943433871219	9281358.0	100.0	0.0
SRX298286	1.0	100.0	94190862.0	9027690460.0	9063074223.0	0.0	94190862.0	618603.0	0.0	47141733.0	9063074223.0	46986142.0	4602773917.0	0.004679243	40.57135606211991	705.9	100.0	0.0	42242758.0	100.0	0.0	0.0	98.0	94190862.0	99.86365981022661	35.6	95.0	94062442.0	0.0	4460300306.0	1139.7	3652172228.0	45079.0	99.9	94190862.0	0.6567547922005428	94062442.0	38214510.0	0.0	96.0	47049129.0	100.0	0.0	99.86365981022661	10045862.0	100.0	0.0
SRX298287	1.0	100.0	55908797.0	5366043377.0	5396561809.0	0.0	55908797.0	544013.0	0.0	27984097.0	5396561809.0	27875329.0	2733808179.0	0.005018719	39.55464647182446	729.0	100.0	0.0	26930664.0	100.0	0.0	0.0	98.0	55908797.0	99.83337327039965	35.8	95.0	55815638.0	0.0	2662753630.0	1372.4	2124619665.0	32490.0	99.8	55908797.0	0.9730364972796678	55815638.0	22114527.0	0.0	96.0	27924700.0	100.0	0.0	99.83337327039965	10211474.0	100.0	0.0
SRX298288	1.0	100.0	31010632.0	2983722578.0	3003059792.0	0.0	31010632.0	214086.0	0.0	15520888.0	3003059792.0	15439170.0	1518299864.0	0.005260704	28.444718572649535	730.5	100.0	0.0	15696481.0	100.0	0.0	0.0	98.0	31010632.0	99.81278678873748	36.3	96.0	30952576.0	0.0	1484759928.0	1220.9	848181541.0	37118.0	99.8	31010632.0	0.6903632276826863	30952576.0	8820887.0	0.0	96.0	15489744.0	100.0	0.0	99.81278678873748	3464984.0	100.0	0.0
SRX298289	1.0	100.0	27090829.0	2611538304.0	2624570608.0	0.0	27090829.0	371749.0	0.0	13556946.0	2624570608.0	13486488.0	1325972661.0	0.005739921	42.330059371752704	677.5	100.0	0.0	14990025.0	100.0	0.0	0.0	98.0	27090829.0	99.83224950406648	36.3	96.0	27045384.0	0.0	1298597947.0	1202.4	1105885704.0	36204.0	99.8	27090829.0	1.372231909182255	27045384.0	11467564.0	0.0	96.0	13533883.0	100.0	0.0	99.83224950406648	6028090.0	100.0	0.0
SRX298290	1.0	100.0	30040863.0	2892859558.0	2906766100.0	0.0	30040863.0	379196.0	0.0	15033923.0	2906766100.0	14964144.0	1470458142.0	0.005855163	52.73406759319798	716.7	100.0	0.0	16938163.0	100.0	0.0	0.0	98.0	30040863.0	99.83817042805994	36.2	96.0	29992248.0	0.0	1436307958.0	1223.3	1526034702.0	31980.0	99.8	30040863.0	1.2622673323332956	29992248.0	15841769.0	0.0	96.0	15006940.0	100.0	0.0	99.83817042805994	6281665.0	100.0	0.0
SRX298291	1.0	100.0	32603562.0	3148742288.0	3160777109.0	0.0	32603562.0	359111.0	0.0	16313531.0	3160777109.0	16270851.0	1598904244.0	0.005750592	46.28425262245886	715.6	100.0	0.0	18107133.0	100.0	0.0	0.0	98.0	32603562.0	99.90525575089005	36.2	96.0	32572672.0	0.0	1561872865.0	1238.3	1456208602.0	15485.0	99.9	32603562.0	1.1014471363589045	32572672.0	15090315.0	0.0	96.0	16290031.0	100.0	0.0	99.90525575089005	6844549.0	100.0	0.0
SRX298292	1.0	100.0	26817455.0	2574770324.0	2586882705.0	0.0	26817455.0	237769.0	0.0	13422046.0	2586882705.0	13358262.0	1311239563.0	0.005548768	38.89164352098288	668.2	100.0	0.0	14286803.0	100.0	0.0	0.0	98.0	26817455.0	99.84473918199919	35.9	95.0	26775818.0	0.0	1275643142.0	1125.2	999524191.0	29647.0	99.8	26817455.0	0.8866203000993197	26775818.0	10429749.0	0.0	96.0	13395409.0	100.0	0.0	99.84473918199919	4195331.0	100.0	0.0
SRX298293	1.0	100.0	29612859.0	2840394775.0	2854818967.0	0.0	29612859.0	353766.0	0.0	14823576.0	2854818967.0	14745784.0	1447681177.0	0.005334531	47.903132216987224	719.6	100.0	0.0	15152175.0	100.0	0.0	0.0	98.0	29612859.0	99.81469874286708	35.9	95.0	29557986.0	0.0	1407137790.0	1199.9	1358758624.0	33209.0	99.8	29612859.0	1.1946364246694317	29557986.0	14185487.0	0.0	96.0	14789283.0	100.0	0.0	99.81469874286708	5179926.0	100.0	0.0
SRX298294	1.0	100.0	47094639.0	4534327405.0	4552197824.0	0.0	47094639.0	467981.0	0.0	23568651.0	4552197824.0	23488597.0	2307324528.0	0.005327953	47.229590187537056	678.0	100.0	0.0	24158679.0	100.0	0.0	0.0	98.0	47094639.0	99.86513326920289	36.0	95.0	47031124.0	0.0	2244873296.0	1136.8	2138825389.0	26965.0	99.9	47094639.0	0.9937033385052595	47031124.0	22242605.0	0.0	96.0	23525988.0	100.0	0.0	99.86513326920289	8284413.0	100.0	0.0
SRX298295	1.0	100.0	86962255.0	8383453989.0	8422447443.0	0.0	86962255.0	795140.0	0.0	43514483.0	8422447443.0	43399471.0	4263538850.0	0.005554771	65.60653469715108	750.1	100.0	0.0	46568167.0	100.0	0.0	0.0	98.0	86962255.0	99.89696104361599	36.1	96.0	86872650.0	0.0	4158908593.0	1248.8	5498037917.0	36854.0	99.9	86962255.0	0.9143507145715115	86872650.0	57052922.0	0.0	96.0	43447772.0	100.0	0.0	99.89696104361599	10857473.0	100.0	0.0
SRX298296	1.0	100.0	27382047.0	2640858899.0	2658935862.0	0.0	27382047.0	349294.0	0.0	13704680.0	2658935862.0	13629628.0	1343648155.0	0.005366612	37.34477922706071	683.5	100.0	0.0	14172465.0	100.0	0.0	0.0	98.0	27382047.0	99.80879077448081	36.4	96.0	27329690.0	0.0	1315287707.0	1207.5	987443852.0	35217.0	99.8	27382047.0	1.275631438365437	27329690.0	10225765.0	0.0	97.0	13677367.0	100.0	0.0	99.80879077448081	4500970.0	100.0	0.0
SRX298297	1.0	100.0	45807970.0	4423695404.0	4449062161.0	0.0	45807970.0	472032.0	0.0	22924080.0	4449062161.0	22826003.0	2248526309.0	0.005414214	33.03512685674567	672.4	100.0	0.0	23950837.0	100.0	0.0	0.0	98.0	45807970.0	99.83674893255476	36.3	96.0	45733188.0	0.0	2200535852.0	1189.7	1463768359.0	40591.0	99.8	45807970.0	1.03045823685267	45733188.0	15132721.0	0.0	97.0	22883890.0	100.0	0.0	99.83674893255476	6159049.0	100.0	0.0
SRX298298	1.0	100.0	25756014.0	2481273382.0	2493204087.0	0.0	25756014.0	231077.0	0.0	12889396.0	2493204087.0	12830184.0	1262437185.0	0.005466583	41.76881174237598	655.5	100.0	0.0	13564087.0	100.0	0.0	0.0	98.0	25756014.0	99.84592336376274	36.2	96.0	25716330.0	0.0	1230766902.0	1111.6	1034922872.0	27981.0	99.8	25756014.0	0.8971768690605619	25716330.0	10757981.0	0.0	96.0	12866618.0	100.0	0.0	99.84592336376274	4108475.0	100.0	0.0
SRX298299	1.0	100.0	24834882.0	2395700766.0	2407409119.0	0.0	24834882.0	286532.0	0.0	12427814.0	2407409119.0	12382248.0	1218499238.0	0.005531137	33.58581691670611	712.9	100.0	0.0	13250949.0	100.0	0.0	0.0	98.0	24834882.0	99.8686927523956	36.2	96.0	24802272.0	0.0	1188909881.0	1289.6	805229709.0	18888.0	99.9	24834882.0	1.1537481837038728	24802272.0	8340998.0	0.0	96.0	12407068.0	100.0	0.0	99.8686927523956	5412256.0	100.0	0.0
SRX298300	1.0	100.0	52633948.0	5054047792.0	5078536584.0	0.0	52633948.0	703069.0	0.0	26343606.0	5078536584.0	26234419.0	2576082978.0	0.005589791	47.34582706963194	667.3	100.0	0.0	28251073.0	100.0	0.0	0.0	98.0	52633948.0	99.8423678953363	35.9	95.0	52550980.0	0.0	2502453606.0	1135.7	2389985776.0	41071.0	99.8	52633948.0	1.335770974276906	52550980.0	24919978.0	0.0	96.0	26290342.0	100.0	0.0	99.8423678953363	11071809.0	100.0	0.0
SRX298301	1.0	100.0	21816657.0	2088467007.0	2104342586.0	0.0	21816657.0	184244.0	0.0	10926854.0	2104342586.0	10849547.0	1068323368.0	0.00540635	85.06528750028018	803.4	100.0	0.0	11290983.0	100.0	0.0	0.0	98.0	21816657.0	99.65928327149297	35.9	95.0	21742324.0	0.0	1036019218.0	1399.8	1786107270.0	21615.0	99.7	21816657.0	0.8445106874073328	21742324.0	18558402.0	0.0	96.0	10889803.0	100.0	0.0	99.65928327149297	3494730.0	100.0	0.0
SRX298302	1.0	100.0	80198534.0	7713150729.0	7750712504.0	0.0	80198534.0	769697.0	0.0	40140896.0	7750712504.0	39968376.0	3927702772.0	0.00527633	54.6253838006565	677.8	100.0	0.0	40697130.0	100.0	0.0	0.0	98.0	80198534.0	99.83467029459666	35.9	95.0	80065942.0	0.0	3823009732.0	1182.3	4212777689.0	64595.0	99.8	80198534.0	0.9597394885048648	80065942.0	43808757.0	0.0	96.0	40057638.0	100.0	0.0	99.83467029459666	11440686.0	100.0	0.0
SRX298303	1.0	100.0	76805438.0	7377949347.0	7416522804.0	0.0	76805438.0	904447.0	0.0	38439716.0	7416522804.0	38309721.0	3759675405.0	0.005600836	46.42456827080395	681.8	100.0	0.0	41322680.0	100.0	0.0	0.0	98.0	76805438.0	99.85510661367493	35.8	95.0	76694152.0	0.0	3656847399.0	1193.8	3426275969.0	37355.0	99.9	76805438.0	1.177581983192388	76694152.0	35656593.0	0.0	96.0	38365722.0	100.0	0.0	99.85510661367493	13501616.0	100.0	0.0
SRX298304	1.0	100.0	44231599.0	4240029354.0	4259963886.0	0.0	44231599.0	376134.0	0.0	22138791.0	4259963886.0	22026284.0	2159936174.0	0.004846956	55.59789733127215	642.3	100.0	0.0	20551237.0	100.0	0.0	0.0	98.0	44231599.0	99.82495545774866	35.7	95.0	44154174.0	0.0	2100027712.0	1122.6	2353496075.0	50803.0	99.8	44231599.0	0.8503739600279882	44154174.0	24591839.0	0.0	96.0	22092808.0	100.0	0.0	99.82495545774866	7038560.0	100.0	0.0
SRX298305	1.0	100.0	57264557.0	5492552657.0	5519453202.0	0.0	57264557.0	471683.0	0.0	28663134.0	5519453202.0	28514183.0	2798279064.0	0.004814008	51.49485047094663	635.9	100.0	0.0	26441193.0	100.0	0.0	0.0	98.0	57264557.0	99.81661431520374	35.7	95.0	57159542.0	0.0	2721174138.0	1119.0	2824036068.0	65588.0	99.8	57264557.0	0.8236909961601554	57159542.0	29488298.0	0.0	96.0	28601423.0	100.0	0.0	99.81661431520374	8491785.0	100.0	0.0
SRX298306	1.0	100.0	75377204.0	7209668290.0	7244937802.0	0.0	75377204.0	751555.0	0.0	37731388.0	7244937802.0	37574944.0	3681024706.0	0.004909681	44.11964391780836	696.2	100.0	0.0	35397173.0	100.0	0.0	0.0	98.0	75377204.0	99.82801962248428	35.6	95.0	75247570.0	0.0	3563913096.0	1169.6	3172585853.0	48841.0	99.8	75377204.0	0.997058739403494	75247570.0	33256154.0	0.0	96.0	37645816.0	100.0	0.0	99.82801962248428	12514035.0	100.0	0.0
SRX298307	1.0	100.0	55287121.0	5307962236.0	5331674601.0	0.0	55287121.0	613631.0	0.0	27673408.0	5331674601.0	27556006.0	2703005069.0	0.005215258	50.778469727154	681.4	100.0	0.0	27682392.0	100.0	0.0	0.0	98.0	55287121.0	99.8299585901751	35.8	95.0	55193110.0	0.0	2628669532.0	1158.0	2690629472.0	40549.0	99.8	55287121.0	1.109898632630916	55193110.0	28073954.0	0.0	96.0	27613713.0	100.0	0.0	99.8299585901751	8576757.0	100.0	0.0
SRX298308	1.0	100.0	43010368.0	4140633173.0	4162103471.0	0.0	43010368.0	313320.0	0.0	21541532.0	4162103471.0	21409039.0	2107168251.0	0.005319004	51.56668503743097	723.4	100.0	0.0	22024044.0	100.0	0.0	0.0	98.0	43010368.0	99.72355037743458	36.3	96.0	42891466.0	0.0	2054935220.0	1203.7	2136295023.0	36694.0	99.7	43010368.0	0.7284755154850105	42891466.0	22179021.0	0.0	96.0	21468836.0	100.0	0.0	99.72355037743458	5134470.0	100.0	0.0
SRX298309	1.0	100.0	46195074.0	4445215363.0	4468313887.0	0.0	46195074.0	214776.0	0.0	23134624.0	4468313887.0	23000872.0	2266177740.0	0.005286448	56.93007007630294	756.3	100.0	0.0	23499398.0	100.0	0.0	0.0	98.0	46195074.0	99.75480935478099	36.1	95.0	46081808.0	0.0	2202136147.0	1201.5	2530547339.0	40032.0	99.8	46195074.0	0.4649326895763821	46081808.0	26298888.0	0.0	96.0	23060450.0	100.0	0.0	99.75480935478099	3509912.0	100.0	0.0
