Sample	r_with_adapters	r_processed	quality_trimmed	bp_written	percent_trimmed	r_written	bp_processed	cutadapt_version
SRX298280_1	6535796	21540700	45816262	2097097950	2.6448560167496877	21540700	2154070000	3.4
SRX298280_2	6279781	21540700	119713111	2023744278	6.05020830335133	21540700	2154070000	3.4
SRX298281_1	4824005	15842949	34125809	1542108908	2.662761333133118	15842949	1584294900	3.4
SRX298281_2	4628425	15842949	87306728	1489305654	5.995679592227432	15842949	1584294900	3.4
SRX298282_1	8776435	28873778	65841093	2805990706	2.8187199472130042	28873778	2887377800	3.4
SRX298282_2	8435526	28873778	164097452	2708491084	6.195473138291774	28873778	2887377800	3.4
SRX298283_1	7527837	23422674	53266216	2276076325	2.8259401552529826	23422674	2342267400	3.4
SRX298283_2	7297604	23422674	120688416	2209154679	5.683071070365407	23422674	2342267400	3.4
SRX298284_1	11099621	35142429	83857810	3412373665	2.8987533844060693	35142429	3514242900	3.4
SRX298284_2	10730698	35142429	213803107	3283194069	6.5746403300693865	35142429	3514242900	3.4
SRX298285_1	9839305	31081416	70087474	3022946754	2.7410220306565183	31081416	3108141600	3.4
SRX298285_2	9489220	31081416	192691440	2900949704	6.666102213618581	31081416	3108141600	3.4
SRX298286_1	17054639	54737219	125150509	5321337993	2.7839175936212617	54737219	5473721900	3.4
SRX298286_2	16440214	54737219	353915289	5093755883	6.9416390518487985	54737219	5473721900	3.4
SRX298287_1	10793679	33778674	77710568	3282044453	2.836788294294797	33778674	3377867400	3.4
SRX298287_2	10450943	33778674	190847866	3169754698	6.161067838246108	33778674	3377867400	3.4
SRX298288_1	6008548	18763469	42957190	1820455364	2.978742150505325	18763469	1876346900	3.4
SRX298288_2	5837563	18763469	99788928	1764089688	5.9827536155494485	18763469	1876346900	3.4
SRX298289_1	5163558	16791511	40080528	1624856721	3.23344212441632	16791511	1679151100	3.4
SRX298289_2	5000726	16791511	89282299	1576196993	6.131318795550919	16791511	1679151100	3.4
SRX298290_1	6880359	21990420	52417178	2131386124	3.076606813330532	21990420	2199042000	3.4
SRX298290_2	6684160	21990420	121298004	2063453170	6.165813567908208	21990420	2199042000	3.4
SRX298291_1	5435286	18349262	33905487	1792620731	2.3055678751548703	18349262	1834926200	3.4
SRX298291_2	5239077	18349262	97399956	1729603935	5.739863815776351	18349262	1834926200	3.4
SRX298292_1	6209671	19361553	46182161	1876568687	3.0775740458422938	19361553	1936155300	3.4
SRX298292_2	6010693	19361553	114315941	1809258990	6.554035722237778	19361553	1936155300	3.4
SRX298293_1	8093236	25548915	60362045	2475895639	3.0919458223568395	25548915	2554891500	3.4
SRX298293_2	7850677	25548915	151614607	2385796913	6.61846450230861	25548915	2554891500	3.4
SRX298294_1	8477649	27672626	60664513	2692613239	2.697588620610129	27672626	2767262600	3.4
SRX298294_2	8177409	27672626	161037074	2592852847	6.302609409023921	27672626	2767262600	3.4
SRX298295_1	16638235	52665384	95472530	5145322937	2.301615478584567	52665384	5266538400	3.4
SRX298295_2	16164758	52665384	269237266	4973439365	5.565307090516989	52665384	5266538400	3.4
SRX298296_1	6006140	18367347	38921548	1785674935	2.779920529622487	18367347	1836734700	3.4
SRX298296_2	5871007	18367347	86232163	1738746783	5.334897685550341	18367347	1836734700	3.4
SRX298297_1	9494003	29113961	61853722	2832097658	2.723725638019505	29113961	2911396100	3.4
SRX298297_2	9247086	29113961	142789779	2751727364	5.484267015401993	29113961	2911396100	3.4
SRX298298_1	4855637	15447041	35199620	1497932151	3.0278905196147274	15447041	1544704100	3.4
SRX298298_2	4724169	15447041	84095815	1449640258	6.1541781367706605	15447041	1544704100	3.4
SRX298299_1	5488232	17293145	31788999	1687091351	2.44161192194942	17293145	1729314500	3.4
SRX298299_2	5347150	17293145	86640960	1632696339	5.587078637228798	17293145	1729314500	3.4
SRX298300_1	10216543	32269008	74437533	3133069880	2.9077720641427836	32269008	3226900800	3.4
SRX298300_2	9896270	32269008	189598539	3018912657	6.445445828393609	32269008	3226900800	3.4
SRX298301_1	4306869	13601509	43010108	1309831892	3.6995165756975936	13601509	1360150900	3.4
SRX298301_2	4148155	13601509	94219388	1259353386	7.410759644389457	13601509	1360150900	3.4
SRX298302_1	14503872	46536390	101813451	4525734503	2.7484834341469115	46536390	4653639000	3.4
SRX298302_2	14012205	46536390	274611908	4354233956	6.433783196333021	46536390	4653639000	3.4
SRX298303_1	13976595	45001526	97298608	4377301331	2.7299356248496993	45001526	4500152600	3.4
SRX298303_2	13459950	45001526	262657651	4215517600	6.3250077341821695	45001526	4500152600	3.4
SRX298304_1	9069299	28445684	74434842	2754419824	3.1691477694823584	28445684	2844568400	3.4
SRX298304_2	8798190	28445684	169023442	2660500413	6.4708581801021205	28445684	2844568400	3.4
SRX298305_1	10633147	34219046	87980185	3314590753	3.136085295890482	34219046	3421904600	3.4
SRX298305_2	10262864	34219046	216065408	3187814938	6.840917248248242	34219046	3421904600	3.4
SRX298306_1	14441170	46272085	114151512	4489215346	2.982211715767725	46272085	4627208500	3.4
SRX298306_2	14003645	46272085	300175245	4304085766	6.9831029658594375	46272085	4627208500	3.4
SRX298307_1	11083318	34535529	82106129	3353269438	2.9037766295689287	34535529	3453552900	3.4
SRX298307_2	10747365	34535529	207398341	3228692581	6.510985223362295	34535529	3453552900	3.4
SRX298308_1	8645058	27207891	64146520	2639669700	2.9814659283955525	27207891	2720789100	3.4
SRX298308_2	8327042	27207891	194729717	2509808927	7.754374383519839	27207891	2720789100	3.4
SRX298309_1	8883610	28128808	61983695	2733275841	2.830015370718873	28128808	2812880800	3.4
SRX298309_2	8644156	28128808	172069105	2623965986	6.716061839520537	28128808	2812880800	3.4
