Sample	0	1	2	3	4	5	6	7	8	9	10	11	12	13	14	15	16	17	18	19	20	21	22	23	24	25	26	27	28	29	30	31	32	33	34	35	36	37	38	39	40	41	42	43	44	45	46	47	48	49	50	51	52	53	54	55	56	57	58	59	60	61	62	63	64	65	66	67	68	69	70	71	72	73	74	75	76	77	78	79	80	81	82	83	84	85	86	87	88	89	90	91	92	93	94	95	96	97	98	99
SRX298280																																																																																																				
SRX298281																																																																																																				
SRX298282																																																																																																				
SRX298283																																																																																																				
SRX298284																																																																																																				
SRX298285																																																																																																				
SRX298286																																																																																																				
SRX298287																																																																																																				
SRX298288																																																																																																				
SRX298289																																																																																																				
SRX298290																																																																																																				
SRX298291																																																																																																				
SRX298292																																																																																																				
SRX298293																																																																																																				
SRX298294																																																																																																				
SRX298295																																																																																																				
SRX298296																																																																																																				
SRX298297																																																																																																				
SRX298298																																																																																																				
SRX298299																																																																																																				
SRX298300																																																																																																				
SRX298301																																																																																																				
SRX298302																																																																																																				
SRX298303																																																																																																				
SRX298304																																																																																																				
SRX298305																																																																																																				
SRX298306																																																																																																				
SRX298307																																																																																																				
SRX298308																																																																																																				
SRX298309																																																																																																				
